0
1
2
3
4
5
6
7
8
9
10
11
12
12.5
13
12.8
12.7
12.6
12.1
11.4
11.3
11
10.7
10.6
10.5
10.4
10.3
10.2
10
11
11.5
12
12.5
13
14
14.5
15
16
17
17.5
18
18.5
19
20
22
30
38
46
50
50
73
80
90
100
110
120
130
140
145
150
160
155
150
145
140
130
125
120
120
130
140
145
150
160
155
150
145
140
130
125
120
117
100
90
80
70
60
50
48
47
40
33
27
23
18
10
5
4.5
4
3.5
3
2.5
2
0
2
4
5
6
8
9
10
10.2
10.8
11
11.2
11.5
11.8
12
11.7
11.4
11.2
11
10.7
10.4
10
9.7
9.2
9
8.7
8.2
7.5
7
8
9
10
11
12
13
15